1.029991504723239814e+03
9.431857581579507723e+02
1.030412689508220865e+03
1.016521674127359802e+03
9.626303047228145715e+02
9.802249666494988105e+02
1.053320738558570838e+03
1.011288275107414165e+03
9.647312475424199647e+02
1.036019806575277471e+03
9.955590600384526851e+02
9.401834440132562349e+02
9.516007272929873579e+02
1.010949876152634602e+03
1.000932412741192707e+03
9.362281020257048567e+02
1.047241950114703059e+03
9.778514454851037954e+02
9.544163162843066175e+02
9.565953213216477025e+02
1.058248187228611641e+03
1.029932066395582979e+03
1.040923362710393576e+03
1.021670282493067361e+03
1.045078077544400912e+03
9.508105452066529324e+02
1.029184801327642845e+03
9.427992709244861089e+02
1.038887866783014942e+03
1.002419944089545879e+03
9.988083231763349659e+02
1.102571277028234135e+03
1.024496721345793958e+03
1.078859725566758470e+03
9.514512853938581429e+02
1.022678394585552383e+03
9.903763767910692195e+02
9.301956104780531405e+02
9.259494476147449404e+02
9.758925258957650613e+02
1.040499363074366556e+03
9.763795669932387682e+02
1.021301720579476978e+03
9.922542357897114016e+02
9.289547254137495429e+02
9.833455081105468025e+02
9.729560973999455200e+02
1.023160609337079904e+03
9.912439851800949100e+02
9.822341371082642354e+02
9.820619724581858918e+02
9.874607869847520760e+02
9.699709823037622982e+02
9.898010641055687984e+02
1.036471726139860948e+03
1.002943162325766252e+03
9.526622638155051845e+02
1.025913411925993159e+03
9.493620890506149408e+02
9.475145452750381310e+02
1.048789503195666157e+03
1.041659971008306229e+03
9.813199694295876725e+02
9.601142695301298318e+02
9.862110050585126828e+02
9.516171115013208919e+02
9.946349424999473285e+02
1.033283700251260370e+03
9.170585748304937397e+02
1.019221366992790877e+03
9.758215218546746428e+02
9.834415152800179385e+02
1.008271589208790829e+03
1.020978534296860744e+03
9.679493575479076526e+02
1.001710074991878741e+03
1.010068395233268802e+03
1.031518962084959185e+03
1.052272536247758808e+03
1.034844243260583880e+03
1.045602588115641993e+03
9.627873316145539775e+02
1.017131726486254024e+03
9.849135319185213575e+02
1.066398419272851925e+03
1.012567553373159626e+03
9.779167763547475261e+02
9.697803570054323927e+02
1.059493380998875864e+03
1.038778604415541622e+03
9.450465577194003117e+02
9.528524252230981801e+02
1.058952593199665216e+03
1.010752724150373297e+03
1.075627949261079493e+03
9.445181793141351818e+02
1.064383715031396150e+03
1.045158782337988214e+03
9.524253018019952606e+02
9.947313956759672919e+02
9.701280351359267797e+02
9.887908060571644455e+02
1.066067580653481400e+03
9.772496606739993013e+02
9.872209114888203203e+02
1.018825447117838166e+03
9.752378437235408910e+02
9.702318100600776916e+02
1.018648049722355040e+03
9.999421606950315891e+02
1.023177370701289192e+03
1.028197235286181012e+03
9.635385543628940468e+02
1.014820033257240311e+03
1.020116486933189094e+03
9.536187164659189648e+02
1.015249616721797906e+03
9.839780740184518208e+02
1.025505870318147799e+03
1.050968233787285953e+03
9.754313220177230050e+02
1.039459812330427894e+03
9.690257069018408629e+02
1.042427179632931484e+03
9.284991636079889759e+02
9.646749927275777736e+02
9.804364531466119388e+02
9.599938818847278981e+02
1.016541220785856012e+03
9.733426150338153775e+02
9.806791839550459144e+02
1.022406842134268459e+03
9.979569248152687351e+02
9.450893504877972191e+02
1.100329475814674879e+03
9.769933100996163375e+02
1.012142144063806995e+03
9.654743833904990424e+02
9.159052563527383199e+02
1.043462396094741734e+03
1.040983776760878982e+03
1.001116211695591346e+03
1.046259819464843758e+03
1.016306149089573182e+03
1.036257703911342787e+03
1.001821663699178771e+03
9.781193726103764448e+02
9.827655212767903095e+02
1.054710775536314486e+03
1.017421961053054588e+03
9.324064627137136085e+02
9.775579088023736176e+02
9.797507682451171149e+02
1.011004119695404256e+03
1.012127792786381747e+03
9.729180466888432193e+02
1.066155330817369304e+03
9.496422988034872787e+02
1.062745425609636868e+03
9.945933556271584166e+02
1.005336213004132674e+03
9.449733880243201156e+02
9.120363525770612796e+02
1.003572309881527076e+03
1.041665421265531222e+03
9.441202786581682176e+02
1.003603449635762331e+03
1.029864065647858752e+03
1.002669860856883474e+03
9.500662721560695445e+02
9.956942823395996811e+02
1.014383580344565303e+03
1.051976818969271790e+03
8.840690766697664458e+02
9.514841719538435427e+02
1.012716777028716137e+03
1.013371539118846954e+03
1.002777843933432678e+03
9.891788026031287018e+02
1.001845329626585453e+03
9.579058421667629091e+02
1.034141990169504197e+03
1.017798831950840054e+03
1.015057666934939107e+03
1.025819718856164172e+03
1.028548859606689348e+03
9.762978799575346329e+02
9.718557543133624677e+02
9.888465293071334372e+02
1.036103005279019044e+03
9.710542395646007208e+02
9.842153759426171291e+02
9.434875352935223418e+02
9.882774578295387755e+02
1.042421739201100308e+03
9.224812358832436985e+02
9.428154067228809936e+02
9.578891622909163743e+02
1.066997122573908200e+03
9.958984344413105418e+02
9.495740649400796656e+02
1.066445481679952763e+03
1.011073409928763908e+03
1.026690347849890031e+03
9.580665662069295649e+02
9.185262458849585983e+02
1.037400648408476854e+03
1.069844164119919469e+03
9.497391839089358427e+02
1.037504995574629447e+03
1.031337631041445093e+03
9.803705257743043830e+02
1.009496390178644219e+03
1.003648345857397999e+03
9.839897546147725507e+02
1.015241008387401394e+03
9.864303311238151082e+02
9.603600015675614259e+02
1.070623599314288185e+03
1.053576106208268811e+03
1.039582018654886269e+03
9.736166531189379612e+02
1.018974794829114444e+03
9.813129719763020375e+02
1.071134024609871631e+03
9.665113030277231019e+02
9.896903002138134298e+02
9.573486676367514292e+02
9.786971927598573302e+02
9.754914162273111060e+02
1.044929225780647130e+03
9.886297724366321518e+02
1.047717384047088217e+03
1.042283772666729874e+03
1.027220323346708483e+03
1.021580586343679329e+03
1.049205386572529960e+03
9.642262685331281773e+02
1.086421715598019546e+03
1.026661720387741525e+03
9.844126248125535312e+02
1.010105875360826531e+03
1.028044148690729571e+03
9.124754899537014126e+02
9.451327090726409779e+02
9.944594951770096714e+02
1.040933903411341817e+03
9.988293348606810014e+02
9.811795384684584178e+02
9.106453843011977369e+02
1.050846550829851594e+03
1.017929240345435232e+03
9.962095468683074841e+02
9.736583334558653178e+02
1.105796648668996113e+03
1.011908982622099074e+03
1.049904053189923616e+03
1.041861395409930083e+03
1.033043277082118493e+03
1.042010142806009753e+03
9.890080938809381905e+02
9.785484646828978157e+02
1.015178160231106176e+03
1.032832746794100103e+03
9.804594057112051360e+02
9.555278608934816020e+02
1.063986251910393321e+03
1.010613745782466026e+03
9.891719536054608852e+02
1.002867602498229417e+03
9.725438880684605465e+02
1.017812161488117454e+03
9.237406495921406986e+02
1.043586320944757063e+03
9.837783336423397031e+02
9.918192416031002949e+02
1.023620301597008392e+03
1.003997807130367732e+03
9.843994831085879014e+02
9.743951718955644310e+02
9.599522836950883402e+02
1.036034852681263828e+03
9.875597213965719448e+02
1.006088732295994419e+03
9.921934663253022109e+02
9.928904385829545163e+02
9.158266317920840720e+02
9.587715835978973473e+02
9.351508358509429399e+02
9.733351972594358585e+02
9.947164554648081776e+02
1.045903376433826907e+03
9.849800991065787912e+02
9.821977137013057018e+02
1.046508905058381060e+03
1.044157183904356089e+03
9.165004310225058362e+02
1.016302051157825417e+03
1.010032581919599465e+03
1.067422286303014971e+03
1.012346184480182387e+03
9.959342487726463560e+02
1.004994626516911126e+03
9.448805605829458045e+02
1.036177197956548071e+03
1.013309918976409449e+03
1.003698979575175144e+03
9.416758786814187943e+02
1.096099701084348681e+03
1.003191580286275553e+03
1.048907046294865722e+03
1.034777807977338398e+03
1.003423126385385444e+03
1.013203423124433016e+03
1.037109136661641969e+03
9.831260427407607949e+02
8.990404208342300763e+02
1.043714246689096626e+03
9.801975120635663643e+02
8.969049361551279844e+02
1.071848886175178905e+03
9.931839183809174756e+02
9.832825968812381916e+02
1.002323117687252989e+03
1.044900042695955335e+03
1.006879314318030879e+03
9.957192114344719585e+02
1.056940319146569209e+03
1.028932050038862826e+03
9.748469470651224356e+02
9.797648315829101193e+02
1.001771235538362703e+03
1.050754033954940496e+03
1.024837243821039692e+03
9.869310774136490636e+02
9.798876438215584130e+02
9.722158848178281687e+02
9.798546381874961071e+02
9.232352410378231298e+02
9.692029688359376678e+02
1.050836317590575391e+03
9.385290422348637094e+02
1.050559169488089310e+03
1.013927813574482002e+03
9.587903233877306093e+02
1.007599683070264291e+03
9.727992288041234588e+02
9.779666232849328935e+02
9.913235372495977344e+02
1.032452353222769489e+03
1.019107146843207829e+03
1.032821104889305843e+03
9.579507034231523903e+02
9.948745488942843167e+02
1.025357446101352025e+03
9.860450604577679314e+02
1.007501896760156228e+03
9.809829009791233148e+02
1.013370340323933419e+03
1.004974891270658759e+03
9.325278667562555484e+02
1.045220997808755328e+03
9.924306403345968874e+02
9.836944422553674485e+02
9.759040893298307537e+02
1.062231530076258423e+03
1.023182823367226547e+03
9.265593904249675461e+02
9.842657762371459285e+02
1.040953613451655883e+03
9.423068063470766447e+02
9.747866413278178470e+02
9.146729169857181887e+02
9.830237029070171957e+02
9.878479075866937364e+02
9.568007344821911602e+02
1.055607359903924362e+03
1.008199520904671090e+03
9.030684040507331929e+02
9.981818917313777320e+02
1.032132758835167124e+03
1.084553127232883526e+03
9.089995947457086913e+02
1.040745286963630178e+03
9.421969879827571503e+02
9.836681160137430879e+02
1.032690155093668636e+03
9.972907493178983032e+02
9.765257389065998268e+02
1.026496659144900832e+03
9.741855962013163435e+02
1.057971410620506504e+03
1.057867786897062160e+03
9.896608332191868840e+02
9.208675070470710580e+02
9.945522454968768216e+02
1.029251986745439353e+03
1.069686356454289580e+03
1.011072264400111294e+03
9.749240248575425767e+02
9.784152064936936313e+02
1.027437346081750320e+03
9.490599313100867676e+02
1.013689620064663018e+03
1.047379898214193418e+03
9.633437529572377116e+02
1.017945063754527837e+03
9.547478403432163532e+02
9.843523596345097531e+02
9.787632705085602538e+02
9.752161293099790100e+02
1.042362259009423951e+03
1.008603295280774091e+03
1.077742018064218655e+03
1.052454519286824734e+03
9.577232295529382782e+02
9.859744494213216512e+02
1.006982447735636356e+03
9.824133532790940535e+02
9.795084331841718495e+02
9.456965376878765710e+02
1.060609151589261273e+03
1.015343024524356451e+03
9.886896932311078672e+02
9.623446830552192068e+02
9.738931300108159803e+02
9.963991886324564575e+02
1.013066733066553525e+03
1.012354019289314124e+03
9.356242418452974334e+02
9.949617453373514309e+02
9.459151182735429302e+02
1.021087480257174661e+03
1.038744775406906228e+03
1.062062373149351060e+03
1.045172852780556923e+03
1.024148438409064738e+03
9.635345509936173585e+02
1.013532430203073432e+03
9.798164928462689431e+02
9.806559310436791748e+02
1.008667488839007774e+03
1.029915668984493095e+03
1.038932557692122828e+03
1.047708102109674883e+03
1.004188323026627359e+03
9.536382777977287333e+02
1.018191072270006998e+03
1.003184353403539944e+03
9.956616304470031764e+02
1.007085111008107560e+03
9.316294086732362985e+02
1.103803068151777779e+03
9.979105844569427290e+02
1.030016887506476451e+03
9.698466157803137548e+02
9.241950744030764326e+02
9.590909653672966897e+02
9.931813638412214686e+02
1.022170153956849049e+03
1.024841985428748330e+03
9.626308097853126355e+02
9.966421872695581214e+02
9.596871344846712191e+02
1.037287394234537715e+03
9.955190064441710547e+02
1.034595479312071575e+03
1.009501624727460580e+03
9.558225598004255517e+02
9.482008045978335531e+02
1.001785484266477397e+03
1.020414619203613370e+03
1.006440579830024035e+03
1.000772552956558343e+03
1.025417848691831523e+03
1.004545899428957910e+03
9.899935164294776087e+02
9.525045137972534803e+02
1.046204948385457101e+03
9.271466401698451136e+02
1.050582064279174347e+03
9.128853588985116403e+02
1.014496690296408701e+03
1.049327378854603239e+03
1.096058057123821754e+03
9.781075832937558516e+02
1.012695263741259851e+03
1.009280116157184580e+03
9.937365769355832299e+02
9.559337702269979218e+02
9.638509567598767944e+02
1.005723890218819747e+03
1.068969374980971224e+03
9.984264826304276994e+02
9.643715023601620260e+02
1.035881924630432650e+03
9.562469721582132252e+02
1.013473571444696631e+03
9.588397868745448704e+02
1.008026489555081298e+03
1.019225189459856438e+03
9.757816678726912869e+02
9.972897807934201637e+02
1.039032274096782203e+03
1.018443551091782069e+03
1.025575065419366183e+03
1.006348463131943959e+03
1.017605692532852231e+03
1.003487559044220234e+03
1.030782648912723516e+03
1.024603045983587435e+03
9.617037872704170240e+02
1.046378936200208955e+03
9.868432814760502652e+02
9.987491715301744080e+02
9.656685287339628303e+02
1.007748084523006241e+03
1.016625989923963175e+03
1.025695371517857438e+03
1.010559514136524854e+03
1.028849212329097099e+03
1.027861347422588551e+03
1.060861875113063888e+03
1.039697420220869162e+03
9.909199608260470313e+02
1.011341688561336923e+03
1.088573055815170619e+03
1.040082091031385744e+03
1.007209928351725694e+03
9.322832373821956935e+02
1.024232477281725778e+03
1.022303485831916078e+03
9.536803176127441475e+02
1.018686484694635851e+03
1.094336242808491761e+03
9.857928111921893333e+02
1.005975216473543242e+03
1.051749071395148576e+03
9.903606966696809195e+02
1.082442489898460281e+03
9.293901816308400612e+02
1.013431667097714922e+03
1.029664424036522405e+03
9.929489560391140230e+02
9.555963128459533209e+02
1.028469021190566536e+03
9.695918182922332562e+02
9.919057738487042570e+02
1.030917017870622658e+03
1.046272801569505191e+03
9.046480222377547307e+02
9.673145699837933762e+02
1.028163051251561910e+03
1.006050942348028570e+03
9.940037686714210849e+02
9.575935075472718836e+02
9.599570220098720483e+02
9.914736699773143300e+02
1.021738599391613661e+03
1.013998321170535860e+03
9.994380378811511036e+02
1.034016587682333011e+03
9.798562426934689711e+02
9.704133298574228093e+02
1.057980748478165197e+03
9.503579852532975565e+02
9.866659036968148939e+02
1.001075006707435477e+03
9.677424150468900734e+02
9.926120190648658763e+02
9.533936133241573998e+02
1.010270355793917247e+03
1.054802134789274078e+03
9.295278100266185675e+02
9.810146675513633454e+02
9.805230863376788193e+02
9.646270955736817996e+02
1.021353618156687389e+03
1.065445170096078755e+03
1.003395259852997242e+03
1.076540973215084705e+03
1.060813453302725975e+03
1.042901243555736755e+03
9.629733605489096817e+02
9.513036851618834362e+02
9.796748277593571856e+02
1.008100102528415505e+03
1.023155032308330988e+03
1.032095032092590372e+03
9.829414967332454580e+02
1.058309168392925812e+03
9.336061878945284889e+02
9.834865361202512304e+02
9.801407826327115345e+02
9.383020276222184748e+02
9.994584178058292991e+02
1.034637895789073355e+03
1.068395894755891959e+03
1.045852201583677925e+03
9.657700590271524561e+02
1.042345551276264814e+03
1.023416445174741170e+03
1.053498401219239440e+03
9.562432493225531971e+02
9.930936093871998764e+02
1.041091667591867690e+03
1.007939304094095746e+03
9.976545666700039874e+02
1.029347179532718428e+03
1.026793334875541632e+03
1.040750921959712286e+03
9.914973230323045073e+02
1.043073389901872815e+03
9.610407306950385191e+02
1.051316267848473672e+03
9.227233178424577318e+02
1.027278399900380464e+03
9.577933505925005875e+02
9.831338530510906821e+02
8.769908506484724739e+02
9.643918433016206109e+02
9.565888807487547183e+02
1.017647653032228504e+03
9.674043468176841998e+02
9.268985894789943814e+02
1.033908646715675104e+03
1.047693620690100261e+03
9.966096272646653915e+02
9.848048240454847928e+02
9.873640518549092349e+02
1.005936224842623005e+03
1.007325085990238108e+03
1.019881248611340425e+03
9.715587403515867209e+02
9.918798856699273756e+02
9.969494593020614275e+02
9.642858625050788532e+02
1.010519290969011763e+03
9.853696609999535667e+02
9.633103884032899487e+02
9.639680736203082461e+02
9.847742245825703549e+02
1.047496206134362410e+03
1.020139929490593659e+03
9.767939131520330420e+02
1.016173937686365207e+03
9.884454726209045248e+02
9.474144687567371648e+02
9.454947810566593489e+02
1.009722727037875416e+03
9.754133272598114672e+02
1.017970598802505720e+03
1.066092357965502970e+03
1.013560091597635505e+03
1.036147719478527279e+03
1.024031895217216515e+03
1.019649117934120682e+03
9.842896473277309042e+02
9.316448049604135804e+02
9.287440877993077493e+02
1.014649803156682424e+03
9.984298188239340561e+02
1.024355939878468462e+03
9.884806186197927218e+02
1.071211970994477497e+03
1.022092963551194885e+03
9.626137392496649454e+02
9.453315420886344782e+02
9.709389438619454040e+02
1.060308201520651437e+03
9.462440209482019782e+02
1.014715991148196849e+03
9.964720728165694936e+02
9.697459156776363898e+02
1.019578025388465107e+03
1.036827820958355233e+03
9.202759490773975131e+02
1.100442701546544640e+03
1.020131943206841129e+03
9.165326048729158401e+02
9.617313202951849007e+02
9.658869267866290329e+02
1.051377548550702841e+03
1.070570842668004616e+03
1.006379838004837438e+03
1.057986997135471029e+03
9.540028217220865372e+02
1.060899819507575558e+03
1.002054869726038646e+03
1.055366531598715483e+03
9.536456365758446054e+02
1.022268344436466123e+03
9.760855272701842296e+02
9.808919351184237030e+02
9.808729488583994680e+02
1.019957990052269452e+03
9.689983479722544644e+02
9.653127655975520156e+02
9.555031222477498432e+02
9.854420377253868537e+02
1.022305302027741391e+03
1.033548100931531735e+03
1.006953003698513839e+03
9.601956614130465368e+02
9.990494531882523006e+02
1.076713669627498120e+03
9.974391371071237700e+02
9.824308503708406306e+02
1.026627196804626237e+03
1.002862614623130298e+03
9.801820403171727776e+02
9.912552533030535642e+02
1.036202901729966925e+03
9.662743753190616189e+02
9.964220395409716957e+02
9.929523655996473508e+02
1.045920256237994636e+03
9.693724164035553486e+02
9.377962125904742834e+02
1.010655929474877439e+03
1.002934494169684967e+03
9.685894863044892418e+02
9.936140939406825510e+02
1.027523620292649639e+03
1.085605715945355769e+03
1.013767394971719796e+03
9.960980160379770041e+02
9.973128777052626219e+02
1.034441989205128948e+03
1.001609223505693421e+03
9.813588223662455903e+02
9.933096555946735862e+02
1.019143720305271131e+03
1.021169541174745405e+03
9.916374824523309144e+02
1.010975176466258404e+03
1.020580410799302399e+03
9.858890657724614357e+02
9.895373923839323425e+02
9.333346903534644525e+02
9.958195452530501370e+02
1.002349510343926340e+03
9.689414448777056350e+02
9.441526700496062858e+02
9.954493952234000744e+02
9.570113792116571858e+02
1.060115138685455577e+03
9.361325012511711066e+02
9.853020543733142631e+02
1.076004792254768745e+03
1.011281474284968681e+03
1.035374248434643505e+03
9.789882350145868486e+02
9.887991368401644650e+02
1.016752375759603751e+03
1.036538969133282080e+03
9.991042500981761805e+02
1.038056095113775655e+03
9.511601856868498999e+02
1.138056921917558839e+03
9.931234719192019611e+02
1.031192668958204649e+03
1.030921924419138350e+03
1.003975404823756207e+03
9.936552065877342557e+02
1.008095355181179684e+03
9.570818290153658836e+02
9.825962581476464948e+02
9.401418099019034571e+02
1.008529661007690038e+03
1.060912427774954494e+03
1.011367277294815153e+03
1.003866637075230642e+03
1.005992698879189220e+03
9.856259665066576190e+02
1.013501101008985756e+03
9.851797005779696974e+02
1.002546724495107583e+03
1.018612748550344463e+03
9.712147158344855598e+02
1.000445931139580125e+03
1.012198350556023229e+03
1.049656837838884485e+03
1.091071739590449852e+03
9.598836850330449124e+02
1.045504920455175352e+03
9.595696119357562566e+02
1.042614917029957041e+03
9.870776142861913058e+02
9.602362536830933095e+02
1.069256867781196433e+03
9.310602418801286149e+02
1.044512264771415630e+03
9.688040307047132274e+02
9.466005034696731855e+02
9.980563655172919653e+02
9.691083908314301425e+02
9.914461720772542321e+02
9.279084789875071237e+02
1.050671147227109032e+03
9.526923889657024347e+02
1.007151730150564049e+03
1.010542038909917778e+03
9.980703721929498897e+02
9.487791518996020841e+02
1.067201021441049079e+03
9.789205224559132148e+02
9.958567704484894421e+02
9.794752157164593882e+02
9.668806081144360860e+02
1.020143257326385424e+03
9.588589510092177761e+02
9.733547835908549359e+02
9.747533435138387858e+02
1.001592743892820067e+03
9.390212169432883229e+02
1.097071971455646008e+03
1.031761373176849020e+03
1.023925423418722403e+03
9.709370086848857682e+02
1.030045922157686391e+03
1.004374603007874498e+03
1.057462133816785126e+03
9.879515883740963318e+02
1.013408171967764929e+03
9.564505471896246718e+02
1.023013906503732073e+03
9.911091081314791609e+02
9.964621365621572977e+02
9.735460568328282989e+02
9.582174417994563100e+02
9.362925895064623774e+02
9.875773096562003275e+02
1.012270142139931068e+03
1.003497337268177944e+03
9.969417531186579708e+02
1.008227647864077653e+03
9.665739735502752410e+02
1.020373368211777006e+03
1.052057084613472398e+03
1.025847178054238384e+03
9.951486846368344459e+02
9.472574418429537673e+02
1.053547604633147103e+03
1.019807445084335200e+03
1.004933251846345456e+03
9.153514710147609321e+02
1.005015269904057391e+03
9.718003373129242846e+02
1.065660148743907484e+03
1.022479997138034378e+03
9.952525615646067081e+02
1.020112705151581167e+03
9.966164878098006739e+02
9.255113193620702532e+02
9.604454561525399185e+02
9.251024676926149368e+02
1.029832172624978512e+03
9.854330573652674730e+02
1.053687457535589147e+03
9.801541297170723510e+02
1.088616699980823796e+03
1.022298913581491774e+03
9.202553825908354384e+02
9.094615747483815085e+02
9.851098229264666770e+02
9.993911398981596221e+02
9.948623610639237995e+02
1.024600515907245835e+03
1.032423909000203594e+03
1.034624173180100570e+03
9.895053346365218658e+02
9.926969477461799443e+02
9.718349083332473128e+02
9.534268111583796781e+02
9.245371575068049879e+02
1.014607255605297041e+03
9.986384810387504558e+02
9.983876573787533744e+02
9.976824245009358947e+02
9.850174619248431327e+02
9.870603547313971831e+02
1.012780986837644832e+03
9.889522225530529340e+02
9.853770447898499469e+02
1.017843717036342468e+03
9.948944936994405452e+02
1.077785579572411734e+03
9.971074912467968261e+02
9.142249229849170433e+02
9.751113532314876693e+02
1.015779722820537586e+03
9.714278167927931236e+02
9.728352810086789759e+02
9.764284030169890229e+02
9.582375098080627822e+02
1.027732970967522760e+03
9.310518432481540003e+02
1.000826785844189658e+03
1.022671055809448603e+03
9.741497922790771327e+02
1.036030623196402530e+03
1.004405760102930344e+03
1.002685673669041307e+03
1.031652132677698091e+03
1.005364304270595198e+03
1.016525475630711071e+03
1.060562170165353564e+03
9.626531844268031364e+02
1.058643369501146026e+03
1.021307550820553161e+03
9.544189500914743576e+02
9.597303529541369471e+02
9.841778408531632749e+02
1.027421630379542876e+03
1.002708915130569153e+03
9.884909017008549199e+02
9.588214464085281179e+02
1.052581733028528333e+03
1.042963544865952144e+03
9.820226001057542362e+02
1.019589216619559124e+03
1.078310746506354235e+03
1.016276588329798528e+03
9.760529131821665487e+02
9.545577611243174943e+02
9.646159146702041198e+02
9.569417292008735103e+02
9.509771410379767076e+02
9.458009263557613622e+02
1.095089008411209988e+03
9.660535185787273349e+02
1.056815164653874035e+03
9.962168015877468861e+02
1.048408968228470030e+03
9.896579606103831566e+02
1.027144183960518149e+03
9.716669274638896923e+02
1.023851415488256293e+03
9.957222697789804897e+02
1.006559437718619279e+03
1.028344261443215373e+03
1.037740518087358623e+03
9.288491319533799242e+02
1.037056476289125612e+03
1.045345815202206950e+03
1.053302692213024557e+03
9.367581412613361636e+02
1.074742304002398669e+03
1.021237267599076745e+03
9.482608461655662495e+02
9.361817030633637842e+02
1.061808698837142629e+03
1.009947255300082702e+03
1.066177185794864499e+03
9.809318249975594881e+02
1.006987763797896491e+03
1.014232665644681560e+03
1.009223660622687817e+03
1.083260618288742307e+03
9.930948494063218277e+02
9.684437119510808998e+02
9.716222160166151980e+02
9.887186732643400546e+02
1.021990132309697401e+03
1.022944561989088925e+03
9.897529268150213966e+02
1.043828996077787451e+03
9.840936384655361735e+02
9.976271453826038851e+02
9.992594781349713458e+02
9.978292449628715985e+02
1.005552061867074599e+03
9.588830774996959008e+02
1.005328392556942617e+03
1.009163456268051391e+03
1.060237195277322598e+03
9.502242848391118741e+02
9.990694878655979210e+02
9.661906627131656933e+02
9.692685597975713563e+02
9.846751331324674084e+02
1.078873006924704441e+03
9.864673653062178573e+02
9.871280054760645726e+02
9.753088511069595370e+02
1.070099834068349992e+03
1.055362953387391826e+03
1.039772198844732429e+03
1.001865039446117635e+03
1.035660379321926257e+03
1.010633410182555053e+03
1.013870922922376963e+03
1.019647161676881183e+03
1.055384530407629200e+03
9.700779677054532613e+02
9.899736140289110153e+02
1.002795745272708359e+03
1.054886863291472082e+03
1.018847778923928558e+03
