9.631849553445846368e+02
1.120267646056302056e+03
1.006251931711168709e+03
9.989320216599501236e+02
9.009705862351536325e+02
9.926702511346347819e+02
1.006756389498273052e+03
1.137883694206139580e+03
1.006652882270042483e+03
1.029550032095184861e+03
1.138821127639175756e+03
1.057735946604121182e+03
1.172187940933716163e+03
1.068702403409118460e+03
1.081165136682859384e+03
1.091414543415695562e+03
1.007839659728444190e+03
1.037018075532468174e+03
1.016858647398260018e+03
1.093016243147194473e+03
1.048264948374225014e+03
9.111015747810942003e+02
1.024402131064575315e+03
1.057915920943677747e+03
1.068046240014513387e+03
1.004697190579052972e+03
8.807240752057218742e+02
1.041880303383877617e+03
1.001190733328136616e+03
1.029189204106355419e+03
1.034671726750028711e+03
1.014923487320751633e+03
9.866565392609732044e+02
1.045975030481824206e+03
9.823187608470163923e+02
1.022600132494362924e+03
1.084168426705480670e+03
9.184943269285860197e+02
9.722759696731242229e+02
1.067970519202073319e+03
9.528413404140529792e+02
9.923198931486572292e+02
1.080309076318854295e+03
1.004953428808657009e+03
9.834822837040304648e+02
1.028179577606200610e+03
1.001283526816555991e+03
9.730432205345456396e+02
1.058231683327831206e+03
1.068870834294722044e+03
9.719750599682889742e+02
1.070102767852166380e+03
9.771274649344081809e+02
1.021848966681266461e+03
8.933698188844051629e+02
9.963026004806652054e+02
1.145255029977857248e+03
9.726536520155580092e+02
9.304773439740242793e+02
8.951376565936682255e+02
1.017657630348626640e+03
1.014773550589724891e+03
1.120052976230885861e+03
1.018880094056734833e+03
1.130858102041297798e+03
1.057321999086798087e+03
1.026544022502976304e+03
1.021155825854417913e+03
9.590868268491745994e+02
9.386120765600683171e+02
9.513555430313151646e+02
1.026376502891192558e+03
9.512857888731100502e+02
1.023769780793899372e+03
1.064336328948505297e+03
1.068244279025860806e+03
1.029929481001229988e+03
9.127021783612366335e+02
1.042149856573296802e+03
1.110861515199893574e+03
1.076454147123859912e+03
1.087065384974609060e+03
9.500789937430965892e+02
1.001041863157452553e+03
1.091823682769279685e+03
9.914791096078703276e+02
1.123694768401577676e+03
9.288565940218650212e+02
1.080453381078503526e+03
8.911258727052894528e+02
1.036396832069768379e+03
1.057009787790616883e+03
9.527868791736478897e+02
1.031707800454438484e+03
1.036062859189198434e+03
9.509791428803241615e+02
1.073200401696323752e+03
1.012151585926340772e+03
1.077303256600228451e+03
1.019067324437319485e+03
1.022385714676707607e+03
9.932942825475427071e+02
9.491050794537591173e+02
1.084340459091999719e+03
1.071949477339851910e+03
1.086535251994707096e+03
1.011116042854115676e+03
9.593402755968425026e+02
1.107110471768387924e+03
9.860016932714917175e+02
1.047304723263943970e+03
1.015117462002718185e+03
1.049100572821354717e+03
9.124440496720201281e+02
9.920167633605432229e+02
1.005688865911329913e+03
1.132860678289530597e+03
9.743441472908466494e+02
9.482039255462941583e+02
9.526529233742953693e+02
9.567834309198432265e+02
1.106889305515016304e+03
9.820952694042176745e+02
1.074548859916562151e+03
1.027158864229651044e+03
9.489355099411295669e+02
1.040917848573227047e+03
1.047631661463135288e+03
1.049308301576443455e+03
9.466413655327306742e+02
9.429409099556379488e+02
9.626995567299254617e+02
9.452757694874047729e+02
1.093487281254639356e+03
1.067602424973699499e+03
1.009506521395794266e+03
1.004404556900555463e+03
1.035719743535571524e+03
1.030923096814579139e+03
1.059126243534614332e+03
1.065436821411668006e+03
1.032906949496104289e+03
9.570176601019145437e+02
1.026270517192703437e+03
1.043464405144218972e+03
1.105351444803583945e+03
1.036546833324800673e+03
1.068343521509509628e+03
1.042713253189854640e+03
1.067679892875001542e+03
1.026095341083543190e+03
1.011655271362968165e+03
1.032731973689855522e+03
1.123195344386827401e+03
1.055389696441311116e+03
9.520824126772380396e+02
9.389557237798062488e+02
9.009491904866135883e+02
1.090066418851149365e+03
1.120468542465453766e+03
9.450005722771982164e+02
9.726394007238120594e+02
1.059324827171984225e+03
1.004341063601600354e+03
9.453127954731648970e+02
1.048806052318409229e+03
1.011176916613169055e+03
1.063443953202242028e+03
1.055427326129749190e+03
9.867128540354968891e+02
1.058796057031389864e+03
1.002923563730681508e+03
9.916406513979625288e+02
1.087811613765382162e+03
9.051023468990223364e+02
9.860750933670132099e+02
1.150728332458640352e+03
1.031195263320074901e+03
1.100457102187455348e+03
1.075052427594681831e+03
1.037958738933886025e+03
9.736737995084884005e+02
9.113831458460216481e+02
9.999578826992998302e+02
1.047878157490297099e+03
1.033789844508148690e+03
1.005259527483514489e+03
1.065708358095967924e+03
1.035173701817966503e+03
1.105539773738858685e+03
9.532089327343674086e+02
1.004503171317310375e+03
1.018555368888484168e+03
8.922321975885994334e+02
9.961693363259764737e+02
9.948935770724194754e+02
9.898153416790729580e+02
1.024930007123839459e+03
9.898215557424833833e+02
8.649166993701369393e+02
9.699242162368680056e+02
1.063161264564718294e+03
9.926542721411944967e+02
1.102682203791971006e+03
1.005689309501455114e+03
1.111050441054055227e+03
1.002220955712014074e+03
1.035921352889750779e+03
9.725390929785460230e+02
9.286425073630058478e+02
8.737899007641403841e+02
1.102609972544596985e+03
9.048542849768274436e+02
1.106696330553412736e+03
9.370196593999689867e+02
1.013568796814293933e+03
1.152113756573908631e+03
1.059739392003174999e+03
1.055622078773188377e+03
1.093975728247874031e+03
9.773665982744380472e+02
9.436070284913723754e+02
9.833047797320841710e+02
1.101934107363338171e+03
9.466518855894099715e+02
1.015636106253973367e+03
9.806519890224677738e+02
8.523796134646148630e+02
1.058518481265691435e+03
9.394454501039593879e+02
1.015896205653276979e+03
1.001022652226157788e+03
9.993158374478251744e+02
9.712148592553795652e+02
1.036152747882568519e+03
9.927983941614681953e+02
9.503991081442400173e+02
9.779995865642493982e+02
1.021705618503820347e+03
9.989032364762357474e+02
9.910154208778818656e+02
1.093342644750528962e+03
1.054841556445807782e+03
1.043555147486762053e+03
1.102880360583124911e+03
1.040214785498179026e+03
1.144087538057216761e+03
1.017366369532727617e+03
1.078395846653479794e+03
9.585580359811864355e+02
1.120423401114632952e+03
1.060436669241958725e+03
1.040458877775400651e+03
1.112729427322610945e+03
1.087776060377095973e+03
1.129427698368129313e+03
9.713413793023088374e+02
9.290511768612103651e+02
9.272929831469622286e+02
1.080244076684975653e+03
9.982254249865178508e+02
1.052131271441213812e+03
1.077602333917702254e+03
1.050719706722361479e+03
1.063956799463600873e+03
9.833108443022820211e+02
1.038368840324647408e+03
9.935326321143337509e+02
1.095544291141108715e+03
1.112566291103960339e+03
1.017635258673549515e+03
1.116199638587710979e+03
1.021013939390300152e+03
1.063896017220995418e+03
1.078980071147133458e+03
1.036367059460737664e+03
1.036803934581693738e+03
1.064110506243872123e+03
1.005108999661043185e+03
1.039300169833584960e+03
1.021947304116332134e+03
9.009405752275462191e+02
9.841961840451297121e+02
9.883481614711442944e+02
1.165975760900471869e+03
9.275324428730218642e+02
1.044760434372734153e+03
9.662988862663434020e+02
9.889234876703636701e+02
9.379185731494934544e+02
1.044921105031086654e+03
9.203032542557422175e+02
1.077167457460969899e+03
1.060804925493354176e+03
9.973119434289385481e+02
1.011390314846340402e+03
9.369688475611901595e+02
1.034220286931179999e+03
1.047797946374169442e+03
9.367251350282859903e+02
9.293573691939927812e+02
1.081680782594223274e+03
1.010135415671957162e+03
9.439563708776360045e+02
1.068448447729192821e+03
1.184041783119067986e+03
1.047906924339627494e+03
1.006276972129890510e+03
1.049733307045250967e+03
9.567809903999342396e+02
1.027345097847062561e+03
1.090496832078763191e+03
1.000167892898740774e+03
9.892811482147498054e+02
1.059460751282102137e+03
9.845743951782759495e+02
1.027523451142239992e+03
1.047260211536261522e+03
1.001993928638827128e+03
1.077340980227259251e+03
1.025809652917375843e+03
1.031034707532059883e+03
1.059900163020016180e+03
9.811166117067109553e+02
1.078351302214849966e+03
1.040529021909311268e+03
1.091404450392728450e+03
1.121736315883843872e+03
1.071255124141130182e+03
1.012022284266743782e+03
1.072846240079692507e+03
1.041627135141087138e+03
9.262228509295000549e+02
1.014816238661359534e+03
1.066678086698675997e+03
9.948894998510146479e+02
1.091408268817356657e+03
1.008270518475430094e+03
1.025038890857448450e+03
1.030952074068053435e+03
9.069159572221967665e+02
1.160218215441738721e+03
1.088111098244540017e+03
1.079202309442982141e+03
1.000224925257431664e+03
1.008421146701147336e+03
1.050550211054861620e+03
1.077885896660631715e+03
1.031969527896121463e+03
1.068391673512849366e+03
1.061478683686004615e+03
1.027609741469602341e+03
9.978214662212552639e+02
1.025754260038436769e+03
1.011622267847200192e+03
1.092737930317764494e+03
1.142955136693934037e+03
9.195844287650387514e+02
1.025524109959363386e+03
1.025913409003048400e+03
8.762387839111694348e+02
1.194788027550178867e+03
1.028239860962282592e+03
9.491862000262194670e+02
9.785244385077032803e+02
1.019815330243609651e+03
9.944848072202177036e+02
1.111908625845213464e+03
1.098512187194809712e+03
1.096112048368207752e+03
1.106725853916528195e+03
1.012260800455214508e+03
9.349748576971259126e+02
9.885531762907405664e+02
9.613778513502498981e+02
1.031112460900945507e+03
1.068612005062114349e+03
1.039280042818169250e+03
9.848191520039872557e+02
1.088930328753800268e+03
9.692034294780426080e+02
9.846500339890779969e+02
9.854923044362400333e+02
1.081494809525471510e+03
1.020769540722627767e+03
9.954924641865873127e+02
1.057627387428653265e+03
1.036365070052082046e+03
1.028578763593602844e+03
1.000581798492162761e+03
9.523533143553555647e+02
1.038861310953995826e+03
1.082406930697368125e+03
1.042549445611719648e+03
9.991865146983526529e+02
9.992944002556890837e+02
9.673394908786845008e+02
9.676020151029651970e+02
1.085638339810073148e+03
1.038107582953532301e+03
1.063706577146634345e+03
9.371249145875160593e+02
9.784284228712213007e+02
1.002376766397259757e+03
9.539224715855270915e+02
1.010244111333834439e+03
1.090856650152596558e+03
1.006014667002836632e+03
1.067929795699680426e+03
1.022683295967581330e+03
1.030664501844269580e+03
9.459718792743307176e+02
9.318649012425472620e+02
1.055908851981638918e+03
9.514283247757178970e+02
1.107093910586082757e+03
1.036734008323189073e+03
1.000314763544033781e+03
1.048448832499139826e+03
1.043813274824021846e+03
1.091134712848227537e+03
1.058751753916400503e+03
1.095620089658638562e+03
9.514470448168535768e+02
1.045107241176557181e+03
1.006578270884657854e+03
1.069056647219998695e+03
1.054641686941919488e+03
9.851336702545752360e+02
9.562880363869923031e+02
9.455335690047764956e+02
1.000739717035516151e+03
1.004402025750742155e+03
1.041932703743650336e+03
1.134492295387628928e+03
1.080468867584527970e+03
9.942734372880954652e+02
9.860557101109018276e+02
9.255912263686735741e+02
9.220871723472139365e+02
1.026996311856782313e+03
1.047739007149275267e+03
1.005430209646354001e+03
1.087797691185240410e+03
9.246055492513598892e+02
1.071303244248087822e+03
9.533171487850738686e+02
1.011514896936934520e+03
9.571743487229414313e+02
9.768513184829021156e+02
9.628683034542208361e+02
1.014231540885598406e+03
1.104765373988284637e+03
1.030030581366068191e+03
9.477973378464321286e+02
9.119070245233536980e+02
1.042040196721792199e+03
1.075709665829333517e+03
9.863741633885030069e+02
1.053855629400839916e+03
1.007588943001715052e+03
9.833627084035819053e+02
1.078762810655746307e+03
1.164961791148637531e+03
1.145481482409580394e+03
1.053779203681299805e+03
1.013268034855599126e+03
1.094276389234049020e+03
9.137347456248739945e+02
9.564910122371363741e+02
1.012193728053537939e+03
1.070836918806357517e+03
9.969483917744389601e+02
1.047805925149783207e+03
1.033130368147888248e+03
1.044903036294591629e+03
9.261088605882198408e+02
9.798999002829153824e+02
1.027227786166658007e+03
9.848376082451349021e+02
9.249157501281093801e+02
1.008673961666881382e+03
1.066002573353838216e+03
1.026779343814399908e+03
9.871635255071290658e+02
1.019604181625674414e+03
1.064348571758809157e+03
1.061393289638229817e+03
1.065530440593475305e+03
1.144397509061757773e+03
9.813675985813313218e+02
1.021859410752422377e+03
9.121374994896764292e+02
1.038328487573353414e+03
9.848296529184867723e+02
9.243505567626805259e+02
9.573366341842839802e+02
1.064957066440245626e+03
1.040280009042944357e+03
1.002849183724506815e+03
1.086782591722854932e+03
9.554772588196591414e+02
1.065748546230091733e+03
9.739709111806138253e+02
9.548188974976734471e+02
1.025529209548044946e+03
9.549706699773287255e+02
1.048926619021750639e+03
1.032150335109977505e+03
1.103677257330068187e+03
1.000015888718233441e+03
9.484593096393468841e+02
1.016358920764018762e+03
1.078613647762043684e+03
8.915201527989576107e+02
9.708450087985773962e+02
1.097964047141869742e+03
1.078009625336688487e+03
8.434631334792211419e+02
1.078048689098651266e+03
9.244231641441114107e+02
1.028142808514190165e+03
9.669574883069124098e+02
9.822500854770352134e+02
1.072317931493170136e+03
9.892442468968409912e+02
9.862883715791787154e+02
1.057231748848503912e+03
9.272842490612979418e+02
9.966323802153111728e+02
1.013904863441124917e+03
1.094783564758935199e+03
9.379376280882343053e+02
9.541237995788860644e+02
9.414800184066705242e+02
9.055137461187147210e+02
9.525508924931309593e+02
9.819931175425650736e+02
1.128902184229807744e+03
1.062617092048012637e+03
1.022424765699648901e+03
9.161875369027072793e+02
1.152080818618045214e+03
9.843432556979258834e+02
1.001268178292502739e+03
9.951237288707766311e+02
9.920086768608969123e+02
1.119225942841581855e+03
1.033112891297415217e+03
1.060655963086529255e+03
1.041564549669591770e+03
1.101026701486056481e+03
1.039274064543102895e+03
1.019109998721541047e+03
1.044369856996711633e+03
1.006676454653607607e+03
1.049327705495876444e+03
1.044956537396104750e+03
1.071369326239513157e+03
9.564049269943271838e+02
9.984589558920946502e+02
9.632344675000740608e+02
1.060973985951744226e+03
1.043430299105857557e+03
1.022184004191839222e+03
9.931910333792244501e+02
1.008737613276703428e+03
9.122254164153794136e+02
1.088100845754946477e+03
1.042209691748373416e+03
9.910480211140261417e+02
9.605206268243730392e+02
1.111225184979337882e+03
9.369791398776549158e+02
9.773703591156912580e+02
1.030458700883705887e+03
9.675938573453456684e+02
1.000269001333719643e+03
9.441666819851571972e+02
9.301798173111476444e+02
9.638564031196439146e+02
1.076350301848518939e+03
9.693093844397293424e+02
1.074483804441044185e+03
9.950764750760341713e+02
1.029057840163014134e+03
1.053425097431464337e+03
1.030666982778967167e+03
9.234105136637435862e+02
9.662623527741592397e+02
1.079693785956369538e+03
1.117193634863578154e+03
1.114708492393268443e+03
9.608871866932870489e+02
1.012211916504513283e+03
1.015966436573349370e+03
9.952860538124718914e+02
1.142446577295288307e+03
1.066296640646103242e+03
1.100911657769892599e+03
1.096104418497902316e+03
1.000890667941770403e+03
1.024736465761626960e+03
9.990485158956641953e+02
9.602167955983363754e+02
1.015749563079917152e+03
9.807625176929556119e+02
9.625727340185143248e+02
9.950363585128033037e+02
1.069337132743033862e+03
9.850132153955945569e+02
1.026347424092884239e+03
1.067420979771821749e+03
1.080455501132521022e+03
1.105878546583833668e+03
9.651214075616929904e+02
1.048762082059536851e+03
1.169863237292421445e+03
9.942018226363572921e+02
1.010740389335337341e+03
9.948406431286858833e+02
9.820985895323119621e+02
1.040074446887196927e+03
1.084985852180633401e+03
1.048549599974058765e+03
1.036179635671530377e+03
1.038617294963092036e+03
1.036333842406711710e+03
1.033908930930744873e+03
8.724517519963960694e+02
1.022482915526024499e+03
1.003362202352917279e+03
1.006701313233626138e+03
9.806112407768930552e+02
9.938370547648260072e+02
9.660702991099433348e+02
9.608072666242263722e+02
1.073365289533832311e+03
1.008529049927411052e+03
9.992774856514466819e+02
1.035529644124233982e+03
8.970024806454429154e+02
9.984202319875215608e+02
1.041696869900987394e+03
1.088093810340096752e+03
1.046511267552072013e+03
8.766060797740907446e+02
1.070272311618098684e+03
9.605916467314575584e+02
9.855737640167566269e+02
1.031546505873365504e+03
1.050534035392922988e+03
1.107541441513915515e+03
1.098153162490766590e+03
1.128128252989122757e+03
1.034005953645708132e+03
9.808654249376373855e+02
9.653346810430443838e+02
1.116339194964859644e+03
1.166976993515349477e+03
1.008762375814343045e+03
1.010492475270157570e+03
9.938764239896136132e+02
1.046133728893563784e+03
1.042562805805506969e+03
9.562115711740863162e+02
1.053042260457810698e+03
1.049463797441160978e+03
1.108258006076822539e+03
1.027451242528518833e+03
1.039109295261963098e+03
1.023125709747058636e+03
1.120470823115276744e+03
9.686787004615805472e+02
8.943710877918592814e+02
1.083332561316869032e+03
1.139700308264909154e+03
1.068747324447550227e+03
9.613528018052791140e+02
1.025860535649416079e+03
9.541047296557795789e+02
1.019021848092896562e+03
9.463185747214070034e+02
9.966676054141106533e+02
1.048872009365213898e+03
1.097580101138601776e+03
1.088683713819878449e+03
1.007941567535687568e+03
1.102875830607762509e+03
1.046921931592459714e+03
9.764360530109752290e+02
9.571657014966345969e+02
1.094524452496369577e+03
1.122847832998535523e+03
1.044414107855391194e+03
1.044521881685453991e+03
1.133458996314348042e+03
9.945106609105828284e+02
1.024000203594614959e+03
9.174360138108708043e+02
1.149734825613821613e+03
1.016531233572264568e+03
1.128139647637841563e+03
1.114342752137958769e+03
1.009679633090858374e+03
1.067429378394211426e+03
1.091344977465736065e+03
1.073922148040127468e+03
1.032500732362055942e+03
1.159464117959444138e+03
9.455825205943827996e+02
1.000080912811541793e+03
1.098542480535614914e+03
1.045063640984552876e+03
1.061850312083526433e+03
1.083787318250476801e+03
9.569101545057383191e+02
1.047810052930798975e+03
1.011051524720639918e+03
1.028307248048728070e+03
1.010777831146859398e+03
9.734849144829921670e+02
9.530673158746275249e+02
1.029708693869535864e+03
9.164206079932965849e+02
1.047841341189745890e+03
1.029001175968989401e+03
9.884433992256421107e+02
1.114450034052755200e+03
1.046290200901312573e+03
1.025900790576805093e+03
8.980999284186360683e+02
1.042460985003163159e+03
9.744143723075138723e+02
1.049710807285728833e+03
9.993728631372333666e+02
9.649558040970186994e+02
9.831425639102097875e+02
1.020299771318495118e+03
1.011298800335710439e+03
1.107112970548568455e+03
1.022322894895698823e+03
1.025601243915522446e+03
9.510343237621240178e+02
1.064418287269153552e+03
1.031161706824082103e+03
1.066957906420402423e+03
1.122182758074995263e+03
1.014154871212989633e+03
1.000722549346450364e+03
9.667372821546034629e+02
1.083990912146937717e+03
1.075748865893502625e+03
9.466551323396014368e+02
1.092082957868396988e+03
1.044576702244779653e+03
9.969144109232194069e+02
1.031920931536562875e+03
9.801622199422611175e+02
1.083134466749558896e+03
1.054645560459794069e+03
1.070480381834000582e+03
9.890929142681701478e+02
8.778594769254472112e+02
1.075296330876743923e+03
8.508947233356923334e+02
1.022541049477451338e+03
1.033211377607633949e+03
1.022660932048095219e+03
1.161024101865293233e+03
1.034474207445009824e+03
1.057578949425869268e+03
9.609509277360942860e+02
9.240943781605194545e+02
9.509645120868332242e+02
1.057860907185285669e+03
1.049660918896364365e+03
1.136351794556126833e+03
1.075536975790461611e+03
1.053961031343630566e+03
1.077490240529719813e+03
1.007302176194194431e+03
9.756731645455745365e+02
9.006442227142674710e+02
9.982694392704742086e+02
1.015199564097727375e+03
9.025581148803022415e+02
1.143639691151125817e+03
1.093910079114677046e+03
1.070537535593287885e+03
9.760653857904665074e+02
9.597587753886298287e+02
9.303091776210810622e+02
9.544785474375557897e+02
1.069612903977118549e+03
1.049098051949285718e+03
9.902386913236030068e+02
1.051263730615953136e+03
9.872459755450933017e+02
1.071062222617871385e+03
1.062740041034161095e+03
1.002902377285187640e+03
1.033050980546087430e+03
9.526911585903653759e+02
9.526943814558658232e+02
1.064235259881825186e+03
1.126893829339398962e+03
1.001141265733412411e+03
9.934086089593342876e+02
9.309922690842414568e+02
1.044243294177714915e+03
9.643510283206933309e+02
9.614850322323040928e+02
9.691241288549548472e+02
1.026081527554214517e+03
1.106550290063050625e+03
9.823857523601388948e+02
1.002783183040438416e+03
1.036844874733529878e+03
1.122165568007477304e+03
1.054722350218565680e+03
9.679591052914189504e+02
1.004378212251029026e+03
1.171891302667372884e+03
1.099911949422636098e+03
1.006838666229158889e+03
1.034463723673663026e+03
1.055262621658404441e+03
1.098016754721930965e+03
9.939818935582126187e+02
1.039943186694800488e+03
9.772198046033178116e+02
9.879757633389791636e+02
9.786178124802503362e+02
1.025886752737781308e+03
9.908501212939798961e+02
9.655239745303188101e+02
1.103381809737827552e+03
9.292533729796124362e+02
9.521299080143484161e+02
1.111452910155861218e+03
1.082868747362466593e+03
9.689037229696990607e+02
9.684427006701885148e+02
1.069763316003220780e+03
1.086955579857856492e+03
1.034385637441651397e+03
1.057184838474796152e+03
1.011797978261499338e+03
9.994776872841815702e+02
9.924087944902440768e+02
1.074864050710347328e+03
9.798516625188436819e+02
1.019443104917172718e+03
1.010243811389802204e+03
1.030323554845150511e+03
1.001975942070097290e+03
1.017136787225526859e+03
1.060652340039945329e+03
1.158741706333131333e+03
9.844058778829008816e+02
9.802020716166356351e+02
1.039830517823954324e+03
1.059887233923968552e+03
9.922296165924949491e+02
1.035170279466072770e+03
9.681459082024117606e+02
1.049906025760342345e+03
9.631232677351983966e+02
1.080055351892738372e+03
9.906787097298395111e+02
1.049683653662734969e+03
9.234327887227816518e+02
1.034682319686536175e+03
1.094164537882976902e+03
9.518446870759944431e+02
9.684373377209122964e+02
1.092837048585960929e+03
9.882980799214699346e+02
9.701333512745497956e+02
1.101201581060330909e+03
1.077897487539212079e+03
1.048758870450742734e+03
1.105688237450438919e+03
9.183665083927701289e+02
1.075862006481080925e+03
9.383398408893064016e+02
1.055115413480900997e+03
9.279984767129124066e+02
9.771268727275266883e+02
1.092499318143816254e+03
1.001936489364022350e+03
1.036370314119774775e+03
1.050589917392624557e+03
9.615693989634423815e+02
1.085723935731916299e+03
1.048408958022002480e+03
1.081450835730140398e+03
1.026250858220442069e+03
1.056498021570984520e+03
1.000864405076940216e+03
1.092675327697131934e+03
9.312353972325208815e+02
1.133004257269865320e+03
9.929375420365531681e+02
1.143634873616766527e+03
8.959794678904620469e+02
1.032897378467928320e+03
8.998614954704735283e+02
9.985078211006775746e+02
1.020683772187189788e+03
1.079508949391324222e+03
1.060403305421379855e+03
8.994366105673404945e+02
1.015866008364945969e+03
1.046070798802279114e+03
1.015668010594511657e+03
1.168227752500863289e+03
1.079126008281748682e+03
9.502784766889727734e+02
9.148196432277437680e+02
1.084055772878375819e+03
1.049292186044483969e+03
1.010870496743162221e+03
1.051452495738280959e+03
1.111430569972615785e+03
1.029322495531048844e+03
1.091824463187182118e+03
9.433148872025756191e+02
9.321631029604062633e+02
1.073719840559326713e+03
8.715264963321156984e+02
1.000193262220801330e+03
1.065862719595207864e+03
8.924188223057602727e+02
1.002448932641294164e+03
9.784958049274013092e+02
1.046150304236762395e+03
1.111921383664962150e+03
9.632485473946428556e+02
1.071579336919941852e+03
1.063889082483510492e+03
1.015230864082374183e+03
1.009024056862428324e+03
1.048518416270760326e+03
1.145321632974812928e+03
1.004561131165248526e+03
1.027566403482092710e+03
1.020803646491748736e+03
1.105367284370021935e+03
1.025802960201957376e+03
9.913765979369859451e+02
1.078755703895310035e+03
9.615920081094161560e+02
1.069426711497744009e+03
1.004638959028701038e+03
1.073297765132096401e+03
1.020532030677029638e+03
9.622891017671082636e+02
1.042413632615129472e+03
9.165705725067791718e+02
1.094328294344740925e+03
1.092137037198250027e+03
9.618252612515142346e+02
9.489356298717889331e+02
1.056752267646238124e+03
9.847971734425236718e+02
1.129971239389570201e+03
1.132745455730012964e+03
9.659300095912267352e+02
1.081921830410787379e+03
1.051288473719088643e+03
1.019171262708574545e+03
1.024531793202639165e+03
8.719121034679114928e+02
1.057269655921295680e+03
8.594020923304266262e+02
1.032370235711219721e+03
9.862279565747328434e+02
1.001296803906648620e+03
9.230380703209830244e+02
1.010703150113950187e+03
9.337987534262659892e+02
1.064581098837013769e+03
9.883179928409259674e+02
1.094558949271560095e+03
1.034961274800965384e+03
1.057588178473734843e+03
1.089112915465661672e+03
9.923192741506890115e+02
1.071377136436152796e+03
1.014690824961805788e+03
1.076727816445790040e+03
1.106686961455880692e+03
1.012899615122371642e+03
9.130093307478041424e+02
1.064802825337520744e+03
9.995948768032670841e+02
9.882985690540767791e+02
9.766140870291642386e+02
